娱墨子枫,写的太好了[good],Wed Oct 16 08:21:46 +0800 2024,湖北,4
体育系顶楼,出轨的男的都是渣,Wed Oct 16 08:20:00 +0800 2024,其他,5
独白地瓜,你的微博好棒,Wed Oct 16 08:24:37 +0800 2024,内蒙古 呼和浩特,1
廳諷与霂,[赞][赞],Thu Oct 17 08:22:04 +0800 2024,湖北 荆门,0
老左看市,这都是些啥人啊……,Wed Oct 16 11:28:56 +0800 2024,海外,0
老王0723,编的不错,Thu Oct 17 13:26:42 +0800 2024,河北 石家庄,0
落丶LM,性生活是夫妻必不可少的保鲜剂,Wed Oct 16 22:16:30 +0800 2024,浙江 湖州,0
用户6869740518,夫妻出去偷吃的多得很,Thu Oct 17 07:25:26 +0800 2024,其他,0
用户7846600992198206,都是段子，没意义,Wed Oct 16 23:12:41 +0800 2024,其他,0
用户7499880458,人性的堕落从此开始了,Wed Oct 16 17:04:08 +0800 2024,其他,0
用户7577128749,和谐社会,Wed Oct 16 14:14:52 +0800 2024,其他,0
A五知醒123,关你事？[喵喵],Wed Oct 16 16:51:54 +0800 2024,广东,3
疲惫海胆,你说你加她名字干啥[允悲][允悲],Wed Oct 16 14:37:25 +0800 2024,四川 成都,597
这是在干什么bot,哈哈，这事儿挺逗，咱们就当乐子看吧！,Wed Oct 16 14:38:05 +0800 2024,其他,6
按下不婊,xxn一辈子都在践行加名字分一半的策略啊,Wed Oct 16 15:36:18 +0800 2024,其他,41
你敏感肌多写点卷子就治好了,你ID有错别字 http://t.cn/A6EdTN10,Wed Oct 16 23:01:38 +0800 2024,安徽,142
一兜子刮刮乐,公的[傻眼],Wed Oct 16 19:13:33 +0800 2024,江苏 苏州,94
打工包养异国美男,小仙男喜欢吃绝户也是不遑多让,Thu Oct 17 14:50:52 +0800 2024,江苏,2
这是在干什么bot,这策略真是深入人心啊，哈哈。,Wed Oct 16 15:37:08 +0800 2024,其他,2
你要是这么想那我没办法,[允悲],Thu Oct 17 08:39:49 +0800 2024,其他,0
一个大头嘞,http://t.cn/A6Er5OTR,Wed Oct 16 16:03:56 +0800 2024,湖北 武汉,8
按下不婊,回复@栗原千雪:稿主计较还有错了？你支持分一半钱给什么都没做的人？,Thu Oct 17 08:06:18 +0800 2024,其他,0
栗原千雪,孝嫌腩确实，公猪就是爱斤斤计较[嘻嘻],Thu Oct 17 03:18:15 +0800 2024,其他,36
水無已經,回复@按下不婊:哈哈[ok],Wed Oct 16 21:13:56 +0800 2024,广东,0
按下不婊,回复@一兜子刮刮乐:文章里不是用得她么，怎么算公的。,Wed Oct 16 20:33:00 +0800 2024,其他,2
不当倒霉蛋R_D,我什么时候才能做到这么不要脸,Wed Oct 16 14:41:41 +0800 2024,其他,135
阿文阿巴,仙女魅力时刻 [doge],Wed Oct 16 15:28:00 +0800 2024,海外,6
咚咚锵咚锵咚炝,公的呢集短,Wed Oct 16 21:53:19 +0800 2024,其他,84
我不知道我只是想睡觉,两嘴一张又开始造谣啦 诬鸭[可爱],Wed Oct 16 23:26:23 +0800 2024,河南,64
你敏感肌多写点卷子就治好了,闲楠一生都在散发被挂出来的这种魅力[允悲] http://t.cn/A6EdTThg,Wed Oct 16 23:03:16 +0800 2024,安徽,48
地球没有西餐转不了,md这也能对立？,Wed Oct 16 23:37:16 +0800 2024,其他,15
闷油瓶__Yu,寄短皮炎痒了,Thu Oct 17 11:25:50 +0800 2024,广东,11
whahe,遮沙壁风了[泪],Wed Oct 16 23:16:54 +0800 2024,其他,14
o天都帮你去躲o,公的 ew…… 好臭,Thu Oct 17 13:41:57 +0800 2024,海外 丹麦,1
乌龟吃鱉3rds,我要是有这脸皮早发财了,Wed Oct 16 15:32:45 +0800 2024,浙江 温州,71
by_凑崎1229,求厚脸皮教程[haha],Wed Oct 16 14:38:03 +0800 2024,其他,19
祝我早日脱非入欧,就很烦大学啥比赛强制要求组队,Wed Oct 16 19:07:00 +0800 2024,江西,14
这是在干什么bot,组队比赛确实有时挺头疼的，但也锻炼协作嘛~别太烦啦[哈哈],Wed Oct 16 19:08:07 +0800 2024,其他,0
RINa_aNIR,举报她呗,Wed Oct 16 15:08:16 +0800 2024,湖北 武汉,15
流沙芋泥椰椰椰椰换开水,混个奖写在简历里都是不要脸了，还想要钱怎么敢的,Wed Oct 16 17:32:59 +0800 2024,江苏,12
数字绘梦,你自己加的名字，带来的后果你承担[怒],Thu Oct 17 09:51:29 +0800 2024,其他,2
椰鲁大学盐究生,王昌龄妈,Wed Oct 16 14:40:05 +0800 2024,海外 新加坡,1
重生之地球之旅,让法院判吧,Thu Oct 17 11:14:05 +0800 2024,江苏 盐城,0
很高级的梓神啊,好想没皮没脸的活一次,Wed Oct 16 17:11:25 +0800 2024,北京 宣武区,6
一定一定要平安,换做是我，如果删了我，那这辈子就别想再加回我了[黑线],Thu Oct 17 10:24:36 +0800 2024,其他,1
诺亚方舟Lorenzo789,离谱到看着像假的[干饭人],Wed Oct 16 16:00:03 +0800 2024,河北,0
一只苏三,@Cccsyeux,Wed Oct 16 19:15:06 +0800 2024,新疆 乌鲁木齐,0
lnxln1,直接发学校贴吧，哈哈哈哈哈哈哈，让她的自尊心也被蹂躏蹂躏,Thu Oct 17 11:05:43 +0800 2024,其他,1
一得了便宜就学会卖乖,删了，绝交呗[允悲]，这朋友交不交有啥区别,Thu Oct 17 09:14:29 +0800 2024,河北 张家口,1
唯好美人,发班级群,Thu Oct 17 09:06:23 +0800 2024,其他,0
Jay好想见你,不是大广赛还有奖金吗，不是就给了一张纸,Wed Oct 16 19:49:07 +0800 2024,河南 南阳,0
